idx,balancing:strategy,classifier:__choice__,classifier:adaboost:algorithm,classifier:adaboost:learning_rate,classifier:adaboost:max_depth,classifier:adaboost:n_estimators,classifier:bernoulli_nb:alpha,classifier:bernoulli_nb:fit_prior,classifier:decision_tree:criterion,classifier:decision_tree:max_depth,classifier:decision_tree:max_features,classifier:decision_tree:max_leaf_nodes,classifier:decision_tree:min_samples_leaf,classifier:decision_tree:min_samples_split,classifier:decision_tree:min_weight_fraction_leaf,classifier:decision_tree:splitter,classifier:extra_trees:bootstrap,classifier:extra_trees:criterion,classifier:extra_trees:max_depth,classifier:extra_trees:max_features,classifier:extra_trees:min_samples_leaf,classifier:extra_trees:min_samples_split,classifier:extra_trees:min_weight_fraction_leaf,classifier:extra_trees:n_estimators,classifier:gradient_boosting:learning_rate,classifier:gradient_boosting:loss,classifier:gradient_boosting:max_depth,classifier:gradient_boosting:max_features,classifier:gradient_boosting:max_leaf_nodes,classifier:gradient_boosting:min_samples_leaf,classifier:gradient_boosting:min_samples_split,classifier:gradient_boosting:min_weight_fraction_leaf,classifier:gradient_boosting:n_estimators,classifier:gradient_boosting:subsample,classifier:k_nearest_neighbors:n_neighbors,classifier:k_nearest_neighbors:p,classifier:k_nearest_neighbors:weights,classifier:lda:n_components,classifier:lda:shrinkage,classifier:lda:shrinkage_factor,classifier:lda:tol,classifier:liblinear_svc:C,classifier:liblinear_svc:dual,classifier:liblinear_svc:fit_intercept,classifier:liblinear_svc:intercept_scaling,classifier:liblinear_svc:loss,classifier:liblinear_svc:multi_class,classifier:liblinear_svc:penalty,classifier:liblinear_svc:tol,classifier:libsvm_svc:C,classifier:libsvm_svc:coef0,classifier:libsvm_svc:degree,classifier:libsvm_svc:gamma,classifier:libsvm_svc:kernel,classifier:libsvm_svc:max_iter,classifier:libsvm_svc:shrinking,classifier:libsvm_svc:tol,classifier:multinomial_nb:alpha,classifier:multinomial_nb:fit_prior,classifier:passive_aggressive:C,classifier:passive_aggressive:fit_intercept,classifier:passive_aggressive:loss,classifier:passive_aggressive:n_iter,classifier:qda:reg_param,classifier:random_forest:bootstrap,classifier:random_forest:criterion,classifier:random_forest:max_depth,classifier:random_forest:max_features,classifier:random_forest:max_leaf_nodes,classifier:random_forest:min_samples_leaf,classifier:random_forest:min_samples_split,classifier:random_forest:min_weight_fraction_leaf,classifier:random_forest:n_estimators,classifier:sgd:alpha,classifier:sgd:average,classifier:sgd:epsilon,classifier:sgd:eta0,classifier:sgd:fit_intercept,classifier:sgd:l1_ratio,classifier:sgd:learning_rate,classifier:sgd:loss,classifier:sgd:n_iter,classifier:sgd:penalty,classifier:sgd:power_t,imputation:strategy,one_hot_encoding:minimum_fraction,one_hot_encoding:use_minimum_fraction,preprocessor:__choice__,preprocessor:extra_trees_preproc_for_classification:bootstrap,preprocessor:extra_trees_preproc_for_classification:criterion,preprocessor:extra_trees_preproc_for_classification:max_depth,preprocessor:extra_trees_preproc_for_classification:max_features,preprocessor:extra_trees_preproc_for_classification:min_samples_leaf,preprocessor:extra_trees_preproc_for_classification:min_samples_split,preprocessor:extra_trees_preproc_for_classification:min_weight_fraction_leaf,preprocessor:extra_trees_preproc_for_classification:n_estimators,preprocessor:kernel_pca:coef0,preprocessor:kernel_pca:degree,preprocessor:kernel_pca:gamma,preprocessor:kernel_pca:kernel,preprocessor:kernel_pca:n_components,preprocessor:kitchen_sinks:gamma,preprocessor:kitchen_sinks:n_components,preprocessor:liblinear_svc_preprocessor:C,preprocessor:liblinear_svc_preprocessor:dual,preprocessor:liblinear_svc_preprocessor:fit_intercept,preprocessor:liblinear_svc_preprocessor:intercept_scaling,preprocessor:liblinear_svc_preprocessor:loss,preprocessor:liblinear_svc_preprocessor:multi_class,preprocessor:liblinear_svc_preprocessor:penalty,preprocessor:liblinear_svc_preprocessor:tol,preprocessor:nystroem_sampler:coef0,preprocessor:nystroem_sampler:degree,preprocessor:nystroem_sampler:gamma,preprocessor:nystroem_sampler:kernel,preprocessor:nystroem_sampler:n_components,preprocessor:random_trees_embedding:max_depth,preprocessor:random_trees_embedding:max_leaf_nodes,preprocessor:random_trees_embedding:min_samples_leaf,preprocessor:random_trees_embedding:min_samples_split,preprocessor:random_trees_embedding:min_weight_fraction_leaf,preprocessor:random_trees_embedding:n_estimators,preprocessor:select_percentile_classification:percentile,preprocessor:select_percentile_classification:score_func,preprocessor:select_rates:alpha,preprocessor:select_rates:mode,preprocessor:select_rates:score_func,preprocessor:truncatedSVD:target_dim,rescaling:__choice__
1,none,random_forest,,,,,,,,,,,,,,,,,,,,,,,,,,,,,,,,,,,,,,,,,,,,,,,,,,,,,,,,,,,,,,,True,gini,None,1.0,None,1,2,0.0,100,,,,,,,,,,,,mean,0.01,True,no_preprocessing,,,,,,,,,,,,,,,,,,,,,,,,,,,,,,,,,,,,,,,,,standardize
2,none,random_forest,,,,,,,,,,,,,,,,,,,,,,,,,,,,,,,,,,,,,,,,,,,,,,,,,,,,,,,,,,,,,,,True,gini,None,1.0,None,1,2,0.0,100,,,,,,,,,,,,mean,0.01,True,no_preprocessing,,,,,,,,,,,,,,,,,,,,,,,,,,,,,,,,,,,,,,,,,standardize
3,none,random_forest,,,,,,,,,,,,,,,,,,,,,,,,,,,,,,,,,,,,,,,,,,,,,,,,,,,,,,,,,,,,,,,True,gini,None,1.0,None,1,2,0.0,100,,,,,,,,,,,,mean,0.01,True,no_preprocessing,,,,,,,,,,,,,,,,,,,,,,,,,,,,,,,,,,,,,,,,,standardize
4,none,random_forest,,,,,,,,,,,,,,,,,,,,,,,,,,,,,,,,,,,,,,,,,,,,,,,,,,,,,,,,,,,,,,,True,gini,None,1.0,None,1,2,0.0,100,,,,,,,,,,,,mean,0.01,True,no_preprocessing,,,,,,,,,,,,,,,,,,,,,,,,,,,,,,,,,,,,,,,,,standardize
5,weighting,random_forest,,,,,,,,,,,,,,,,,,,,,,,,,,,,,,,,,,,,,,,,,,,,,,,,,,,,,,,,,,,,,,,True,entropy,None,3.1723526696674216,None,3,13,0.0,100,,,,,,,,,,,,mean,,False,no_preprocessing,,,,,,,,,,,,,,,,,,,,,,,,,,,,,,,,,,,,,,,,,normalize
6,weighting,extra_trees,,,,,,,,,,,,,,,False,gini,None,1.0,1,2,0.0,100,,,,,,,,,,,,,,,,,,,,,,,,,,,,,,,,,,,,,,,,,,,,,,,,,,,,,,,,,,,,,most_frequent,0.07528463412835093,True,no_preprocessing,,,,,,,,,,,,,,,,,,,,,,,,,,,,,,,,,,,,,,,,,standardize
7,none,libsvm_svc,,,,,,,,,,,,,,,,,,,,,,,,,,,,,,,,,,,,,,,,,,,,,,,,10.372606064064964,,,0.25295686668236556,rbf,-1,True,0.07173992117751672,,,,,,,,,,,,,,,,,,,,,,,,,,,,median,0.07723882755496993,True,no_preprocessing,,,,,,,,,,,,,,,,,,,,,,,,,,,,,,,,,,,,,,,,,none
8,none,k_nearest_neighbors,,,,,,,,,,,,,,,,,,,,,,,,,,,,,,,,,30,2,uniform,,,,,,,,,,,,,,,,,,,,,,,,,,,,,,,,,,,,,,,,,,,,,,,,most_frequent,,False,extra_trees_preproc_for_classification,True,entropy,None,2.8597881230038706,5,19,0.0,100,,,,,,,,,,,,,,,,,,,,,,,,,,,,,,,,,none
9,none,random_forest,,,,,,,,,,,,,,,,,,,,,,,,,,,,,,,,,,,,,,,,,,,,,,,,,,,,,,,,,,,,,,,True,gini,None,1.0,None,1,2,0.0,100,,,,,,,,,,,,mean,0.01,True,no_preprocessing,,,,,,,,,,,,,,,,,,,,,,,,,,,,,,,,,,,,,,,,,standardize
10,none,random_forest,,,,,,,,,,,,,,,,,,,,,,,,,,,,,,,,,,,,,,,,,,,,,,,,,,,,,,,,,,,,,,,True,gini,None,1.0,None,1,2,0.0,100,,,,,,,,,,,,mean,0.01,True,no_preprocessing,,,,,,,,,,,,,,,,,,,,,,,,,,,,,,,,,,,,,,,,,standardize
11,none,random_forest,,,,,,,,,,,,,,,,,,,,,,,,,,,,,,,,,,,,,,,,,,,,,,,,,,,,,,,,,,,,,,,True,entropy,None,1.0,None,1,2,0.0,100,,,,,,,,,,,,mean,0.057998965463896185,True,extra_trees_preproc_for_classification,False,gini,None,1.0,1,2,0.0,100,,,,,,,,,,,,,,,,,,,,,,,,,,,,,,,,,standardize
12,none,sgd,,,,,,,,,,,,,,,,,,,,,,,,,,,,,,,,,,,,,,,,,,,,,,,,,,,,,,,,,,,,,,,,,,,,,,,,1.6429429606240906e-05,True,2.280860091290974e-05,0.06993650354088828,True,3.3249084979615323e-06,optimal,modified_huber,282,elasticnet,,median,,False,nystroem_sampler,,,,,,,,,,,,,,,,,,,,,,,,,,,cosine,1548,,,,,,,,,,,,,normalize
13,weighting,random_forest,,,,,,,,,,,,,,,,,,,,,,,,,,,,,,,,,,,,,,,,,,,,,,,,,,,,,,,,,,,,,,,True,entropy,None,1.675620724347966,None,15,18,0.0,100,,,,,,,,,,,,most_frequent,0.00779561565738919,True,select_percentile_classification,,,,,,,,,,,,,,,,,,,,,,,,,,,,,,,,,,,79.2779355362654,chi2,,,,,normalize
14,none,random_forest,,,,,,,,,,,,,,,,,,,,,,,,,,,,,,,,,,,,,,,,,,,,,,,,,,,,,,,,,,,,,,,True,gini,None,1.0,None,1,2,0.0,100,,,,,,,,,,,,mean,0.01,True,no_preprocessing,,,,,,,,,,,,,,,,,,,,,,,,,,,,,,,,,,,,,,,,,standardize
15,none,libsvm_svc,,,,,,,,,,,,,,,,,,,,,,,,,,,,,,,,,,,,,,,,,,,,,,,,11.678178018167646,0.29814799516942725,,0.4274465909997799,sigmoid,-1,False,0.00041914738201940534,,,,,,,,,,,,,,,,,,,,,,,,,,,,median,,False,liblinear_svc_preprocessor,,,,,,,,,,,,,,,,1.0,False,True,1,squared_hinge,ovr,l1,0.00010000000000000009,,,,,,,,,,,,,,,,,,normalize
16,weighting,random_forest,,,,,,,,,,,,,,,,,,,,,,,,,,,,,,,,,,,,,,,,,,,,,,,,,,,,,,,,,,,,,,,True,entropy,None,3.5716878597339514,None,12,5,0.0,100,,,,,,,,,,,,mean,0.3328589169634927,True,no_preprocessing,,,,,,,,,,,,,,,,,,,,,,,,,,,,,,,,,,,,,,,,,normalize
17,none,random_forest,,,,,,,,,,,,,,,,,,,,,,,,,,,,,,,,,,,,,,,,,,,,,,,,,,,,,,,,,,,,,,,True,gini,None,1.0,None,1,2,0.0,100,,,,,,,,,,,,mean,0.01,True,no_preprocessing,,,,,,,,,,,,,,,,,,,,,,,,,,,,,,,,,,,,,,,,,standardize
18,none,random_forest,,,,,,,,,,,,,,,,,,,,,,,,,,,,,,,,,,,,,,,,,,,,,,,,,,,,,,,,,,,,,,,True,gini,None,1.0,None,1,2,0.0,100,,,,,,,,,,,,mean,0.01,True,no_preprocessing,,,,,,,,,,,,,,,,,,,,,,,,,,,,,,,,,,,,,,,,,standardize
19,none,random_forest,,,,,,,,,,,,,,,,,,,,,,,,,,,,,,,,,,,,,,,,,,,,,,,,,,,,,,,,,,,,,,,True,gini,None,1.0,None,1,2,0.0,100,,,,,,,,,,,,mean,0.010000000000000004,True,no_preprocessing,,,,,,,,,,,,,,,,,,,,,,,,,,,,,,,,,,,,,,,,,none
20,none,random_forest,,,,,,,,,,,,,,,,,,,,,,,,,,,,,,,,,,,,,,,,,,,,,,,,,,,,,,,,,,,,,,,True,gini,None,1.0,None,1,2,0.0,100,,,,,,,,,,,,mean,0.01,True,no_preprocessing,,,,,,,,,,,,,,,,,,,,,,,,,,,,,,,,,,,,,,,,,standardize
21,weighting,random_forest,,,,,,,,,,,,,,,,,,,,,,,,,,,,,,,,,,,,,,,,,,,,,,,,,,,,,,,,,,,,,,,False,entropy,None,4.667030503239944,None,1,12,0.0,100,,,,,,,,,,,,most_frequent,0.010000000000000004,True,extra_trees_preproc_for_classification,True,entropy,None,0.5311472280328223,1,2,0.0,100,,,,,,,,,,,,,,,,,,,,,,,,,,,,,,,,,standardize
22,none,random_forest,,,,,,,,,,,,,,,,,,,,,,,,,,,,,,,,,,,,,,,,,,,,,,,,,,,,,,,,,,,,,,,True,gini,None,1.0,None,1,2,0.0,100,,,,,,,,,,,,mean,0.01,True,no_preprocessing,,,,,,,,,,,,,,,,,,,,,,,,,,,,,,,,,,,,,,,,,standardize
23,none,random_forest,,,,,,,,,,,,,,,,,,,,,,,,,,,,,,,,,,,,,,,,,,,,,,,,,,,,,,,,,,,,,,,True,gini,None,1.0,None,1,2,0.0,100,,,,,,,,,,,,mean,0.01,True,no_preprocessing,,,,,,,,,,,,,,,,,,,,,,,,,,,,,,,,,,,,,,,,,standardize
24,none,random_forest,,,,,,,,,,,,,,,,,,,,,,,,,,,,,,,,,,,,,,,,,,,,,,,,,,,,,,,,,,,,,,,True,gini,None,1.0,None,1,2,0.0,100,,,,,,,,,,,,mean,0.01,True,no_preprocessing,,,,,,,,,,,,,,,,,,,,,,,,,,,,,,,,,,,,,,,,,standardize
25,none,random_forest,,,,,,,,,,,,,,,,,,,,,,,,,,,,,,,,,,,,,,,,,,,,,,,,,,,,,,,,,,,,,,,True,entropy,None,2.7636645304738576,None,6,15,0.0,100,,,,,,,,,,,,mean,0.010000000000000004,True,extra_trees_preproc_for_classification,False,gini,None,1.5263343865128356,1,7,0.0,100,,,,,,,,,,,,,,,,,,,,,,,,,,,,,,,,,none
26,none,random_forest,,,,,,,,,,,,,,,,,,,,,,,,,,,,,,,,,,,,,,,,,,,,,,,,,,,,,,,,,,,,,,,True,gini,None,1.0,None,1,2,0.0,100,,,,,,,,,,,,mean,0.01,True,no_preprocessing,,,,,,,,,,,,,,,,,,,,,,,,,,,,,,,,,,,,,,,,,standardize
27,none,random_forest,,,,,,,,,,,,,,,,,,,,,,,,,,,,,,,,,,,,,,,,,,,,,,,,,,,,,,,,,,,,,,,True,gini,None,1.0,None,1,2,0.0,100,,,,,,,,,,,,mean,0.01,True,no_preprocessing,,,,,,,,,,,,,,,,,,,,,,,,,,,,,,,,,,,,,,,,,standardize
28,weighting,sgd,,,,,,,,,,,,,,,,,,,,,,,,,,,,,,,,,,,,,,,,,,,,,,,,,,,,,,,,,,,,,,,,,,,,,,,,4.4934522753284643e-05,False,0.021298254696745126,0.05693436553536525,True,,invscaling,modified_huber,65,l2,0.14709162750315702,most_frequent,,False,select_percentile_classification,,,,,,,,,,,,,,,,,,,,,,,,,,,,,,,,,,,50.0,chi2,,,,,normalize
29,none,random_forest,,,,,,,,,,,,,,,,,,,,,,,,,,,,,,,,,,,,,,,,,,,,,,,,,,,,,,,,,,,,,,,True,gini,None,1.0,None,1,2,0.0,100,,,,,,,,,,,,mean,0.01,True,no_preprocessing,,,,,,,,,,,,,,,,,,,,,,,,,,,,,,,,,,,,,,,,,standardize
30,weighting,sgd,,,,,,,,,,,,,,,,,,,,,,,,,,,,,,,,,,,,,,,,,,,,,,,,,,,,,,,,,,,,,,,,,,,,,,,,0.00010000000000000009,True,,0.01,True,,optimal,log,82,l1,,mean,,False,no_preprocessing,,,,,,,,,,,,,,,,,,,,,,,,,,,,,,,,,,,,,,,,,normalize
31,none,random_forest,,,,,,,,,,,,,,,,,,,,,,,,,,,,,,,,,,,,,,,,,,,,,,,,,,,,,,,,,,,,,,,True,gini,None,1.0,None,1,2,0.0,100,,,,,,,,,,,,mean,0.01,True,no_preprocessing,,,,,,,,,,,,,,,,,,,,,,,,,,,,,,,,,,,,,,,,,standardize
32,none,libsvm_svc,,,,,,,,,,,,,,,,,,,,,,,,,,,,,,,,,,,,,,,,,,,,,,,,11.678178018167646,0.9320848062748661,,0.45018453704452593,sigmoid,-1,False,0.00041914738201940534,,,,,,,,,,,,,,,,,,,,,,,,,,,,median,,False,extra_trees_preproc_for_classification,False,entropy,None,0.5639310114218264,1,16,0.0,100,,,,,,,,,,,,,,,,,,,,,,,,,,,,,,,,,normalize
33,none,random_forest,,,,,,,,,,,,,,,,,,,,,,,,,,,,,,,,,,,,,,,,,,,,,,,,,,,,,,,,,,,,,,,True,gini,None,1.0,None,1,2,0.0,100,,,,,,,,,,,,mean,0.020938011807420828,True,no_preprocessing,,,,,,,,,,,,,,,,,,,,,,,,,,,,,,,,,,,,,,,,,none
34,none,random_forest,,,,,,,,,,,,,,,,,,,,,,,,,,,,,,,,,,,,,,,,,,,,,,,,,,,,,,,,,,,,,,,True,gini,None,1.0,None,1,2,0.0,100,,,,,,,,,,,,mean,0.01,True,no_preprocessing,,,,,,,,,,,,,,,,,,,,,,,,,,,,,,,,,,,,,,,,,standardize
35,none,libsvm_svc,,,,,,,,,,,,,,,,,,,,,,,,,,,,,,,,,,,,,,,,,,,,,,,,1.0,0.0,2,0.02171392895210594,poly,-1,True,7.503317925389584e-05,,,,,,,,,,,,,,,,,,,,,,,,,,,,median,0.005544292258963709,True,extra_trees_preproc_for_classification,False,gini,None,1.0,1,2,0.0,100,,,,,,,,,,,,,,,,,,,,,,,,,,,,,,,,,none
36,none,random_forest,,,,,,,,,,,,,,,,,,,,,,,,,,,,,,,,,,,,,,,,,,,,,,,,,,,,,,,,,,,,,,,True,gini,None,1.0,None,1,2,0.0,100,,,,,,,,,,,,mean,0.01,True,no_preprocessing,,,,,,,,,,,,,,,,,,,,,,,,,,,,,,,,,,,,,,,,,standardize
37,none,random_forest,,,,,,,,,,,,,,,,,,,,,,,,,,,,,,,,,,,,,,,,,,,,,,,,,,,,,,,,,,,,,,,True,entropy,None,3.9737468477445885,None,4,11,0.0,100,,,,,,,,,,,,mean,0.025495072487903434,True,truncatedSVD,,,,,,,,,,,,,,,,,,,,,,,,,,,,,,,,,,,,,,,,167,normalize
38,weighting,k_nearest_neighbors,,,,,,,,,,,,,,,,,,,,,,,,,,,,,,,,,62,2,distance,,,,,,,,,,,,,,,,,,,,,,,,,,,,,,,,,,,,,,,,,,,,,,,,median,0.00012181709233130832,True,liblinear_svc_preprocessor,,,,,,,,,,,,,,,,897.5344450969081,False,True,1,squared_hinge,ovr,l1,0.0009931374605725127,,,,,,,,,,,,,,,,,,none
39,none,random_forest,,,,,,,,,,,,,,,,,,,,,,,,,,,,,,,,,,,,,,,,,,,,,,,,,,,,,,,,,,,,,,,True,gini,None,1.0,None,1,2,0.0,100,,,,,,,,,,,,mean,0.01,True,no_preprocessing,,,,,,,,,,,,,,,,,,,,,,,,,,,,,,,,,,,,,,,,,standardize
40,weighting,adaboost,SAMME.R,0.7541792790167546,2,257,,,,,,,,,,,,,,,,,,,,,,,,,,,,,,,,,,,,,,,,,,,,,,,,,,,,,,,,,,,,,,,,,,,,,,,,,,,,,,,mean,,False,liblinear_svc_preprocessor,,,,,,,,,,,,,,,,15688.937158283852,False,True,1,squared_hinge,ovr,l1,0.002228807915074494,,,,,,,,,,,,,,,,,,normalize
41,weighting,random_forest,,,,,,,,,,,,,,,,,,,,,,,,,,,,,,,,,,,,,,,,,,,,,,,,,,,,,,,,,,,,,,,True,gini,None,4.233895272724675,None,13,12,0.0,100,,,,,,,,,,,,mean,,False,select_rates,,,,,,,,,,,,,,,,,,,,,,,,,,,,,,,,,,,,,0.270499967120549,fwe,chi2,,normalize
42,none,random_forest,,,,,,,,,,,,,,,,,,,,,,,,,,,,,,,,,,,,,,,,,,,,,,,,,,,,,,,,,,,,,,,True,gini,None,1.0,None,1,2,0.0,100,,,,,,,,,,,,mean,0.01,True,no_preprocessing,,,,,,,,,,,,,,,,,,,,,,,,,,,,,,,,,,,,,,,,,standardize
43,none,random_forest,,,,,,,,,,,,,,,,,,,,,,,,,,,,,,,,,,,,,,,,,,,,,,,,,,,,,,,,,,,,,,,True,gini,None,2.691410068212463,None,6,15,0.0,100,,,,,,,,,,,,most_frequent,,False,no_preprocessing,,,,,,,,,,,,,,,,,,,,,,,,,,,,,,,,,,,,,,,,,standardize
44,none,random_forest,,,,,,,,,,,,,,,,,,,,,,,,,,,,,,,,,,,,,,,,,,,,,,,,,,,,,,,,,,,,,,,True,gini,None,1.0,None,1,2,0.0,100,,,,,,,,,,,,mean,0.01,True,no_preprocessing,,,,,,,,,,,,,,,,,,,,,,,,,,,,,,,,,,,,,,,,,standardize
45,none,random_forest,,,,,,,,,,,,,,,,,,,,,,,,,,,,,,,,,,,,,,,,,,,,,,,,,,,,,,,,,,,,,,,True,gini,None,1.0,None,1,2,0.0,100,,,,,,,,,,,,mean,0.01,True,no_preprocessing,,,,,,,,,,,,,,,,,,,,,,,,,,,,,,,,,,,,,,,,,standardize
46,none,random_forest,,,,,,,,,,,,,,,,,,,,,,,,,,,,,,,,,,,,,,,,,,,,,,,,,,,,,,,,,,,,,,,True,entropy,None,2.2584064375821877,None,13,6,0.0,100,,,,,,,,,,,,mean,,False,no_preprocessing,,,,,,,,,,,,,,,,,,,,,,,,,,,,,,,,,,,,,,,,,standardize
47,none,libsvm_svc,,,,,,,,,,,,,,,,,,,,,,,,,,,,,,,,,,,,,,,,,,,,,,,,11.678178018167646,0.9320848062748661,,0.45018453704452593,sigmoid,-1,False,0.00041914738201940534,,,,,,,,,,,,,,,,,,,,,,,,,,,,median,,False,extra_trees_preproc_for_classification,False,entropy,None,0.5639310114218264,1,16,0.0,100,,,,,,,,,,,,,,,,,,,,,,,,,,,,,,,,,normalize
48,none,random_forest,,,,,,,,,,,,,,,,,,,,,,,,,,,,,,,,,,,,,,,,,,,,,,,,,,,,,,,,,,,,,,,True,gini,None,1.0,None,1,2,0.0,100,,,,,,,,,,,,mean,0.01,True,no_preprocessing,,,,,,,,,,,,,,,,,,,,,,,,,,,,,,,,,,,,,,,,,standardize
49,none,random_forest,,,,,,,,,,,,,,,,,,,,,,,,,,,,,,,,,,,,,,,,,,,,,,,,,,,,,,,,,,,,,,,True,gini,None,1.0,None,1,2,0.0,100,,,,,,,,,,,,mean,0.01,True,no_preprocessing,,,,,,,,,,,,,,,,,,,,,,,,,,,,,,,,,,,,,,,,,standardize
50,weighting,sgd,,,,,,,,,,,,,,,,,,,,,,,,,,,,,,,,,,,,,,,,,,,,,,,,,,,,,,,,,,,,,,,,,,,,,,,,0.0034744193384361383,False,,0.0023911270619537315,True,1.3210189886716814e-06,constant,log,20,elasticnet,,median,0.001379489301179573,True,random_trees_embedding,,,,,,,,,,,,,,,,,,,,,,,,,,,,,2,None,14,5,1.0,97,,,,,,,standardize
51,none,random_forest,,,,,,,,,,,,,,,,,,,,,,,,,,,,,,,,,,,,,,,,,,,,,,,,,,,,,,,,,,,,,,,True,gini,None,1.0,None,1,2,0.0,100,,,,,,,,,,,,mean,0.01,True,no_preprocessing,,,,,,,,,,,,,,,,,,,,,,,,,,,,,,,,,,,,,,,,,standardize
52,none,random_forest,,,,,,,,,,,,,,,,,,,,,,,,,,,,,,,,,,,,,,,,,,,,,,,,,,,,,,,,,,,,,,,True,gini,None,1.0,None,1,2,0.0,100,,,,,,,,,,,,mean,0.01,True,no_preprocessing,,,,,,,,,,,,,,,,,,,,,,,,,,,,,,,,,,,,,,,,,standardize
53,none,libsvm_svc,,,,,,,,,,,,,,,,,,,,,,,,,,,,,,,,,,,,,,,,,,,,,,,,16725.85790752666,,,0.008590925713214136,rbf,-1,True,0.08183987642157002,,,,,,,,,,,,,,,,,,,,,,,,,,,,median,,False,no_preprocessing,,,,,,,,,,,,,,,,,,,,,,,,,,,,,,,,,,,,,,,,,none
54,weighting,libsvm_svc,,,,,,,,,,,,,,,,,,,,,,,,,,,,,,,,,,,,,,,,,,,,,,,,679.2056179377935,,,0.10000000000000006,rbf,-1,True,0.00010000000000000009,,,,,,,,,,,,,,,,,,,,,,,,,,,,most_frequent,,False,no_preprocessing,,,,,,,,,,,,,,,,,,,,,,,,,,,,,,,,,,,,,,,,,normalize
55,none,random_forest,,,,,,,,,,,,,,,,,,,,,,,,,,,,,,,,,,,,,,,,,,,,,,,,,,,,,,,,,,,,,,,True,gini,None,1.0,None,1,2,0.0,100,,,,,,,,,,,,mean,0.01,True,no_preprocessing,,,,,,,,,,,,,,,,,,,,,,,,,,,,,,,,,,,,,,,,,standardize
56,none,random_forest,,,,,,,,,,,,,,,,,,,,,,,,,,,,,,,,,,,,,,,,,,,,,,,,,,,,,,,,,,,,,,,True,gini,None,1.0,None,1,2,0.0,100,,,,,,,,,,,,mean,0.01,True,no_preprocessing,,,,,,,,,,,,,,,,,,,,,,,,,,,,,,,,,,,,,,,,,standardize
57,none,random_forest,,,,,,,,,,,,,,,,,,,,,,,,,,,,,,,,,,,,,,,,,,,,,,,,,,,,,,,,,,,,,,,True,gini,None,1.0,None,1,2,0.0,100,,,,,,,,,,,,mean,0.01,True,no_preprocessing,,,,,,,,,,,,,,,,,,,,,,,,,,,,,,,,,,,,,,,,,standardize
58,weighting,passive_aggressive,,,,,,,,,,,,,,,,,,,,,,,,,,,,,,,,,,,,,,,,,,,,,,,,,,,,,,,,,,0.5827771362934735,True,hinge,41,,,,,,,,,,,,,,,,,,,,,,median,0.000875930253684246,True,no_preprocessing,,,,,,,,,,,,,,,,,,,,,,,,,,,,,,,,,,,,,,,,,standardize
59,none,random_forest,,,,,,,,,,,,,,,,,,,,,,,,,,,,,,,,,,,,,,,,,,,,,,,,,,,,,,,,,,,,,,,True,gini,None,1.0,None,1,2,0.0,100,,,,,,,,,,,,mean,0.01,True,no_preprocessing,,,,,,,,,,,,,,,,,,,,,,,,,,,,,,,,,,,,,,,,,standardize
60,none,random_forest,,,,,,,,,,,,,,,,,,,,,,,,,,,,,,,,,,,,,,,,,,,,,,,,,,,,,,,,,,,,,,,True,gini,None,1.0,None,1,2,0.0,100,,,,,,,,,,,,mean,0.01,True,no_preprocessing,,,,,,,,,,,,,,,,,,,,,,,,,,,,,,,,,,,,,,,,,standardize
61,weighting,libsvm_svc,,,,,,,,,,,,,,,,,,,,,,,,,,,,,,,,,,,,,,,,,,,,,,,,16725.85790752666,,,0.17454862892513714,rbf,-1,True,0.08170245871998191,,,,,,,,,,,,,,,,,,,,,,,,,,,,median,,False,no_preprocessing,,,,,,,,,,,,,,,,,,,,,,,,,,,,,,,,,,,,,,,,,none
62,weighting,sgd,,,,,,,,,,,,,,,,,,,,,,,,,,,,,,,,,,,,,,,,,,,,,,,,,,,,,,,,,,,,,,,,,,,,,,,,5.175830305558584e-06,True,,0.06951501822933613,True,,invscaling,log,178,l2,0.37274915231938566,median,0.0007101784866414218,True,select_percentile_classification,,,,,,,,,,,,,,,,,,,,,,,,,,,,,,,,,,,35.89177043535544,chi2,,,,,none
63,weighting,libsvm_svc,,,,,,,,,,,,,,,,,,,,,,,,,,,,,,,,,,,,,,,,,,,,,,,,16725.85790752666,,,0.008590925713214136,rbf,-1,True,0.08183987642157002,,,,,,,,,,,,,,,,,,,,,,,,,,,,median,,False,no_preprocessing,,,,,,,,,,,,,,,,,,,,,,,,,,,,,,,,,,,,,,,,,none
64,weighting,k_nearest_neighbors,,,,,,,,,,,,,,,,,,,,,,,,,,,,,,,,,48,1,distance,,,,,,,,,,,,,,,,,,,,,,,,,,,,,,,,,,,,,,,,,,,,,,,,median,,False,no_preprocessing,,,,,,,,,,,,,,,,,,,,,,,,,,,,,,,,,,,,,,,,,standardize
65,none,random_forest,,,,,,,,,,,,,,,,,,,,,,,,,,,,,,,,,,,,,,,,,,,,,,,,,,,,,,,,,,,,,,,True,gini,None,1.0,None,1,2,0.0,100,,,,,,,,,,,,mean,0.01,True,no_preprocessing,,,,,,,,,,,,,,,,,,,,,,,,,,,,,,,,,,,,,,,,,standardize
66,weighting,random_forest,,,,,,,,,,,,,,,,,,,,,,,,,,,,,,,,,,,,,,,,,,,,,,,,,,,,,,,,,,,,,,,True,gini,None,1.0,None,1,2,0.0,100,,,,,,,,,,,,mean,0.010000000000000004,True,no_preprocessing,,,,,,,,,,,,,,,,,,,,,,,,,,,,,,,,,,,,,,,,,standardize
67,weighting,libsvm_svc,,,,,,,,,,,,,,,,,,,,,,,,,,,,,,,,,,,,,,,,,,,,,,,,68.76760111449241,,,0.3566604024973977,rbf,-1,True,0.00010000000000000009,,,,,,,,,,,,,,,,,,,,,,,,,,,,most_frequent,0.00011292844125422223,True,kernel_pca,,,,,,,,,-0.15050022726399015,,,sigmoid,1802,,,,,,,,,,,,,,,,,,,,,,,,,,,,normalize
68,none,random_forest,,,,,,,,,,,,,,,,,,,,,,,,,,,,,,,,,,,,,,,,,,,,,,,,,,,,,,,,,,,,,,,True,gini,None,1.0,None,1,2,0.0,100,,,,,,,,,,,,mean,0.01,True,no_preprocessing,,,,,,,,,,,,,,,,,,,,,,,,,,,,,,,,,,,,,,,,,standardize
69,none,random_forest,,,,,,,,,,,,,,,,,,,,,,,,,,,,,,,,,,,,,,,,,,,,,,,,,,,,,,,,,,,,,,,True,gini,None,1.0,None,1,2,0.0,100,,,,,,,,,,,,mean,0.01,True,no_preprocessing,,,,,,,,,,,,,,,,,,,,,,,,,,,,,,,,,,,,,,,,,standardize
70,weighting,libsvm_svc,,,,,,,,,,,,,,,,,,,,,,,,,,,,,,,,,,,,,,,,,,,,,,,,226.06742020598978,,,0.00012101941650923356,rbf,-1,True,0.05935054267098756,,,,,,,,,,,,,,,,,,,,,,,,,,,,median,,False,no_preprocessing,,,,,,,,,,,,,,,,,,,,,,,,,,,,,,,,,,,,,,,,,none
71,none,libsvm_svc,,,,,,,,,,,,,,,,,,,,,,,,,,,,,,,,,,,,,,,,,,,,,,,,9895.459450747076,0.23764308986134397,4,0.053848455361999566,poly,-1,True,0.0006913092383544624,,,,,,,,,,,,,,,,,,,,,,,,,,,,mean,,False,no_preprocessing,,,,,,,,,,,,,,,,,,,,,,,,,,,,,,,,,,,,,,,,,normalize
72,none,random_forest,,,,,,,,,,,,,,,,,,,,,,,,,,,,,,,,,,,,,,,,,,,,,,,,,,,,,,,,,,,,,,,True,gini,None,1.0,None,1,2,0.0,100,,,,,,,,,,,,mean,0.01,True,no_preprocessing,,,,,,,,,,,,,,,,,,,,,,,,,,,,,,,,,,,,,,,,,standardize
73,none,random_forest,,,,,,,,,,,,,,,,,,,,,,,,,,,,,,,,,,,,,,,,,,,,,,,,,,,,,,,,,,,,,,,True,gini,None,1.0,None,1,2,0.0,100,,,,,,,,,,,,mean,0.01,True,no_preprocessing,,,,,,,,,,,,,,,,,,,,,,,,,,,,,,,,,,,,,,,,,standardize
74,weighting,k_nearest_neighbors,,,,,,,,,,,,,,,,,,,,,,,,,,,,,,,,,6,2,uniform,,,,,,,,,,,,,,,,,,,,,,,,,,,,,,,,,,,,,,,,,,,,,,,,most_frequent,0.010000000000000004,True,no_preprocessing,,,,,,,,,,,,,,,,,,,,,,,,,,,,,,,,,,,,,,,,,normalize
75,none,libsvm_svc,,,,,,,,,,,,,,,,,,,,,,,,,,,,,,,,,,,,,,,,,,,,,,,,12072.4455665073,0.24361967109408234,2,0.0008911927915908828,poly,-1,True,0.0015081870855358193,,,,,,,,,,,,,,,,,,,,,,,,,,,,mean,,False,no_preprocessing,,,,,,,,,,,,,,,,,,,,,,,,,,,,,,,,,,,,,,,,,none
76,weighting,libsvm_svc,,,,,,,,,,,,,,,,,,,,,,,,,,,,,,,,,,,,,,,,,,,,,,,,1300.622622668229,,,0.0005377565832198095,rbf,-1,False,0.009546849059854897,,,,,,,,,,,,,,,,,,,,,,,,,,,,most_frequent,,False,no_preprocessing,,,,,,,,,,,,,,,,,,,,,,,,,,,,,,,,,,,,,,,,,normalize
77,none,random_forest,,,,,,,,,,,,,,,,,,,,,,,,,,,,,,,,,,,,,,,,,,,,,,,,,,,,,,,,,,,,,,,True,gini,None,1.0,None,1,2,0.0,100,,,,,,,,,,,,mean,0.01,True,no_preprocessing,,,,,,,,,,,,,,,,,,,,,,,,,,,,,,,,,,,,,,,,,standardize
78,none,random_forest,,,,,,,,,,,,,,,,,,,,,,,,,,,,,,,,,,,,,,,,,,,,,,,,,,,,,,,,,,,,,,,True,gini,None,1.0,None,1,2,0.0,100,,,,,,,,,,,,mean,0.01,True,no_preprocessing,,,,,,,,,,,,,,,,,,,,,,,,,,,,,,,,,,,,,,,,,standardize
79,none,random_forest,,,,,,,,,,,,,,,,,,,,,,,,,,,,,,,,,,,,,,,,,,,,,,,,,,,,,,,,,,,,,,,True,gini,None,1.0,None,1,2,0.0,100,,,,,,,,,,,,mean,0.01,True,no_preprocessing,,,,,,,,,,,,,,,,,,,,,,,,,,,,,,,,,,,,,,,,,standardize
80,none,random_forest,,,,,,,,,,,,,,,,,,,,,,,,,,,,,,,,,,,,,,,,,,,,,,,,,,,,,,,,,,,,,,,True,gini,None,1.0,None,1,2,0.0,100,,,,,,,,,,,,mean,0.01,True,no_preprocessing,,,,,,,,,,,,,,,,,,,,,,,,,,,,,,,,,,,,,,,,,standardize
81,weighting,adaboost,SAMME.R,0.09069390859905559,10,390,,,,,,,,,,,,,,,,,,,,,,,,,,,,,,,,,,,,,,,,,,,,,,,,,,,,,,,,,,,,,,,,,,,,,,,,,,,,,,,most_frequent,0.004018643535386462,True,select_percentile_classification,,,,,,,,,,,,,,,,,,,,,,,,,,,,,,,,,,,50.0,chi2,,,,,none
82,weighting,random_forest,,,,,,,,,,,,,,,,,,,,,,,,,,,,,,,,,,,,,,,,,,,,,,,,,,,,,,,,,,,,,,,False,gini,None,3.8659458530934794,None,5,15,0.0,100,,,,,,,,,,,,most_frequent,,False,no_preprocessing,,,,,,,,,,,,,,,,,,,,,,,,,,,,,,,,,,,,,,,,,none
83,none,random_forest,,,,,,,,,,,,,,,,,,,,,,,,,,,,,,,,,,,,,,,,,,,,,,,,,,,,,,,,,,,,,,,True,gini,None,1.0,None,1,2,0.0,100,,,,,,,,,,,,mean,0.01,True,no_preprocessing,,,,,,,,,,,,,,,,,,,,,,,,,,,,,,,,,,,,,,,,,standardize
84,none,random_forest,,,,,,,,,,,,,,,,,,,,,,,,,,,,,,,,,,,,,,,,,,,,,,,,,,,,,,,,,,,,,,,True,gini,None,1.0,None,1,2,0.0,100,,,,,,,,,,,,mean,0.01,True,no_preprocessing,,,,,,,,,,,,,,,,,,,,,,,,,,,,,,,,,,,,,,,,,standardize
85,weighting,k_nearest_neighbors,,,,,,,,,,,,,,,,,,,,,,,,,,,,,,,,,29,2,uniform,,,,,,,,,,,,,,,,,,,,,,,,,,,,,,,,,,,,,,,,,,,,,,,,mean,0.007980782376820813,True,extra_trees_preproc_for_classification,False,entropy,None,1.34228059153852,15,16,0.0,100,,,,,,,,,,,,,,,,,,,,,,,,,,,,,,,,,none
86,none,random_forest,,,,,,,,,,,,,,,,,,,,,,,,,,,,,,,,,,,,,,,,,,,,,,,,,,,,,,,,,,,,,,,True,gini,None,1.0,None,1,2,0.0,100,,,,,,,,,,,,mean,0.01,True,no_preprocessing,,,,,,,,,,,,,,,,,,,,,,,,,,,,,,,,,,,,,,,,,standardize
87,none,random_forest,,,,,,,,,,,,,,,,,,,,,,,,,,,,,,,,,,,,,,,,,,,,,,,,,,,,,,,,,,,,,,,True,gini,None,1.0,None,1,2,0.0,100,,,,,,,,,,,,mean,0.01,True,no_preprocessing,,,,,,,,,,,,,,,,,,,,,,,,,,,,,,,,,,,,,,,,,standardize
88,none,liblinear_svc,,,,,,,,,,,,,,,,,,,,,,,,,,,,,,,,,,,,,,,,0.09174494331902282,False,True,1,squared_hinge,ovr,l2,0.004642503579081282,,,,,,,,,,,,,,,,,,,,,,,,,,,,,,,,,,,,mean,0.0018444303476881426,True,kernel_pca,,,,,,,,,0.4783416998251251,4,0.5925934287948866,poly,1268,,,,,,,,,,,,,,,,,,,,,,,,,,,,none
89,weighting,libsvm_svc,,,,,,,,,,,,,,,,,,,,,,,,,,,,,,,,,,,,,,,,,,,,,,,,2718.215603902964,0.29331425457977867,4,0.010295344093308017,poly,-1,True,0.00375915297303114,,,,,,,,,,,,,,,,,,,,,,,,,,,,mean,0.0005596685458982962,True,extra_trees_preproc_for_classification,False,gini,None,1.0,1,2,0.0,100,,,,,,,,,,,,,,,,,,,,,,,,,,,,,,,,,standardize
90,none,random_forest,,,,,,,,,,,,,,,,,,,,,,,,,,,,,,,,,,,,,,,,,,,,,,,,,,,,,,,,,,,,,,,True,gini,None,1.0,None,1,2,0.0,100,,,,,,,,,,,,mean,0.01,True,no_preprocessing,,,,,,,,,,,,,,,,,,,,,,,,,,,,,,,,,,,,,,,,,standardize
91,none,random_forest,,,,,,,,,,,,,,,,,,,,,,,,,,,,,,,,,,,,,,,,,,,,,,,,,,,,,,,,,,,,,,,True,gini,None,1.0,None,1,2,0.0,100,,,,,,,,,,,,mean,0.01,True,no_preprocessing,,,,,,,,,,,,,,,,,,,,,,,,,,,,,,,,,,,,,,,,,standardize
92,none,random_forest,,,,,,,,,,,,,,,,,,,,,,,,,,,,,,,,,,,,,,,,,,,,,,,,,,,,,,,,,,,,,,,True,gini,None,1.0,None,1,2,0.0,100,,,,,,,,,,,,mean,0.01,True,no_preprocessing,,,,,,,,,,,,,,,,,,,,,,,,,,,,,,,,,,,,,,,,,standardize
93,none,random_forest,,,,,,,,,,,,,,,,,,,,,,,,,,,,,,,,,,,,,,,,,,,,,,,,,,,,,,,,,,,,,,,True,gini,None,1.0,None,1,2,0.0,100,,,,,,,,,,,,mean,0.01,True,no_preprocessing,,,,,,,,,,,,,,,,,,,,,,,,,,,,,,,,,,,,,,,,,standardize
94,none,extra_trees,,,,,,,,,,,,,,,False,gini,None,4.557771492985571,1,4,0.0,100,,,,,,,,,,,,,,,,,,,,,,,,,,,,,,,,,,,,,,,,,,,,,,,,,,,,,,,,,,,,,mean,0.0006382162690755656,True,no_preprocessing,,,,,,,,,,,,,,,,,,,,,,,,,,,,,,,,,,,,,,,,,standardize
95,none,random_forest,,,,,,,,,,,,,,,,,,,,,,,,,,,,,,,,,,,,,,,,,,,,,,,,,,,,,,,,,,,,,,,True,gini,None,1.0,None,1,2,0.0,100,,,,,,,,,,,,mean,0.01,True,no_preprocessing,,,,,,,,,,,,,,,,,,,,,,,,,,,,,,,,,,,,,,,,,standardize
96,none,k_nearest_neighbors,,,,,,,,,,,,,,,,,,,,,,,,,,,,,,,,,2,2,distance,,,,,,,,,,,,,,,,,,,,,,,,,,,,,,,,,,,,,,,,,,,,,,,,median,0.311318946841283,True,no_preprocessing,,,,,,,,,,,,,,,,,,,,,,,,,,,,,,,,,,,,,,,,,normalize
97,none,random_forest,,,,,,,,,,,,,,,,,,,,,,,,,,,,,,,,,,,,,,,,,,,,,,,,,,,,,,,,,,,,,,,True,gini,None,1.0,None,1,2,0.0,100,,,,,,,,,,,,mean,0.01,True,no_preprocessing,,,,,,,,,,,,,,,,,,,,,,,,,,,,,,,,,,,,,,,,,standardize
98,none,random_forest,,,,,,,,,,,,,,,,,,,,,,,,,,,,,,,,,,,,,,,,,,,,,,,,,,,,,,,,,,,,,,,True,gini,None,1.0,None,1,2,0.0,100,,,,,,,,,,,,mean,0.01,True,no_preprocessing,,,,,,,,,,,,,,,,,,,,,,,,,,,,,,,,,,,,,,,,,standardize
99,weighting,random_forest,,,,,,,,,,,,,,,,,,,,,,,,,,,,,,,,,,,,,,,,,,,,,,,,,,,,,,,,,,,,,,,True,entropy,None,0.6962352073255054,None,3,13,0.0,100,,,,,,,,,,,,mean,,False,extra_trees_preproc_for_classification,True,gini,None,3.1516195509427503,10,5,0.0,100,,,,,,,,,,,,,,,,,,,,,,,,,,,,,,,,,standardize
100,none,random_forest,,,,,,,,,,,,,,,,,,,,,,,,,,,,,,,,,,,,,,,,,,,,,,,,,,,,,,,,,,,,,,,True,gini,None,1.0,None,1,2,0.0,100,,,,,,,,,,,,mean,0.01,True,no_preprocessing,,,,,,,,,,,,,,,,,,,,,,,,,,,,,,,,,,,,,,,,,standardize
101,weighting,k_nearest_neighbors,,,,,,,,,,,,,,,,,,,,,,,,,,,,,,,,,1,1,distance,,,,,,,,,,,,,,,,,,,,,,,,,,,,,,,,,,,,,,,,,,,,,,,,most_frequent,,False,kernel_pca,,,,,,,,,,,,cosine,71,,,,,,,,,,,,,,,,,,,,,,,,,,,,normalize
102,none,random_forest,,,,,,,,,,,,,,,,,,,,,,,,,,,,,,,,,,,,,,,,,,,,,,,,,,,,,,,,,,,,,,,True,gini,None,1.0,None,1,2,0.0,100,,,,,,,,,,,,mean,0.01,True,no_preprocessing,,,,,,,,,,,,,,,,,,,,,,,,,,,,,,,,,,,,,,,,,standardize
103,none,random_forest,,,,,,,,,,,,,,,,,,,,,,,,,,,,,,,,,,,,,,,,,,,,,,,,,,,,,,,,,,,,,,,True,gini,None,1.0,None,1,2,0.0,100,,,,,,,,,,,,mean,0.01,True,no_preprocessing,,,,,,,,,,,,,,,,,,,,,,,,,,,,,,,,,,,,,,,,,standardize
104,none,random_forest,,,,,,,,,,,,,,,,,,,,,,,,,,,,,,,,,,,,,,,,,,,,,,,,,,,,,,,,,,,,,,,False,entropy,None,0.5268009758511936,None,1,20,0.0,100,,,,,,,,,,,,most_frequent,0.0031539566916588156,True,no_preprocessing,,,,,,,,,,,,,,,,,,,,,,,,,,,,,,,,,,,,,,,,,standardize
105,none,random_forest,,,,,,,,,,,,,,,,,,,,,,,,,,,,,,,,,,,,,,,,,,,,,,,,,,,,,,,,,,,,,,,True,gini,None,1.0,None,1,2,0.0,100,,,,,,,,,,,,mean,0.01,True,no_preprocessing,,,,,,,,,,,,,,,,,,,,,,,,,,,,,,,,,,,,,,,,,standardize
106,none,random_forest,,,,,,,,,,,,,,,,,,,,,,,,,,,,,,,,,,,,,,,,,,,,,,,,,,,,,,,,,,,,,,,True,gini,None,1.0,None,1,2,0.0,100,,,,,,,,,,,,mean,0.01,True,no_preprocessing,,,,,,,,,,,,,,,,,,,,,,,,,,,,,,,,,,,,,,,,,standardize
107,none,random_forest,,,,,,,,,,,,,,,,,,,,,,,,,,,,,,,,,,,,,,,,,,,,,,,,,,,,,,,,,,,,,,,True,gini,None,1.0,None,1,2,0.0,100,,,,,,,,,,,,mean,0.01,True,no_preprocessing,,,,,,,,,,,,,,,,,,,,,,,,,,,,,,,,,,,,,,,,,standardize
108,none,random_forest,,,,,,,,,,,,,,,,,,,,,,,,,,,,,,,,,,,,,,,,,,,,,,,,,,,,,,,,,,,,,,,True,gini,None,1.0,None,1,2,0.0,100,,,,,,,,,,,,mean,0.01,True,no_preprocessing,,,,,,,,,,,,,,,,,,,,,,,,,,,,,,,,,,,,,,,,,standardize
109,none,random_forest,,,,,,,,,,,,,,,,,,,,,,,,,,,,,,,,,,,,,,,,,,,,,,,,,,,,,,,,,,,,,,,True,gini,None,1.0,None,1,2,0.0,100,,,,,,,,,,,,mean,0.01,True,no_preprocessing,,,,,,,,,,,,,,,,,,,,,,,,,,,,,,,,,,,,,,,,,standardize
110,none,random_forest,,,,,,,,,,,,,,,,,,,,,,,,,,,,,,,,,,,,,,,,,,,,,,,,,,,,,,,,,,,,,,,True,gini,None,1.0,None,1,2,0.0,100,,,,,,,,,,,,mean,0.01,True,no_preprocessing,,,,,,,,,,,,,,,,,,,,,,,,,,,,,,,,,,,,,,,,,standardize
111,none,random_forest,,,,,,,,,,,,,,,,,,,,,,,,,,,,,,,,,,,,,,,,,,,,,,,,,,,,,,,,,,,,,,,True,gini,None,1.0,None,1,2,0.0,100,,,,,,,,,,,,mean,0.01,True,no_preprocessing,,,,,,,,,,,,,,,,,,,,,,,,,,,,,,,,,,,,,,,,,standardize
112,none,random_forest,,,,,,,,,,,,,,,,,,,,,,,,,,,,,,,,,,,,,,,,,,,,,,,,,,,,,,,,,,,,,,,True,gini,None,1.0,None,1,2,0.0,100,,,,,,,,,,,,mean,0.01,True,no_preprocessing,,,,,,,,,,,,,,,,,,,,,,,,,,,,,,,,,,,,,,,,,standardize
113,none,sgd,,,,,,,,,,,,,,,,,,,,,,,,,,,,,,,,,,,,,,,,,,,,,,,,,,,,,,,,,,,,,,,,,,,,,,,,4.924097956321882e-06,False,,0.01,True,,optimal,log,20,l2,,mean,0.010000000000000004,True,kitchen_sinks,,,,,,,,,,,,,,0.9005631277685047,7910,,,,,,,,,,,,,,,,,,,,,,,,,,none
114,none,random_forest,,,,,,,,,,,,,,,,,,,,,,,,,,,,,,,,,,,,,,,,,,,,,,,,,,,,,,,,,,,,,,,True,gini,None,1.0,None,1,2,0.0,100,,,,,,,,,,,,mean,0.01,True,no_preprocessing,,,,,,,,,,,,,,,,,,,,,,,,,,,,,,,,,,,,,,,,,standardize
115,none,random_forest,,,,,,,,,,,,,,,,,,,,,,,,,,,,,,,,,,,,,,,,,,,,,,,,,,,,,,,,,,,,,,,True,gini,None,1.0,None,1,2,0.0,100,,,,,,,,,,,,mean,0.01,True,no_preprocessing,,,,,,,,,,,,,,,,,,,,,,,,,,,,,,,,,,,,,,,,,standardize
116,none,random_forest,,,,,,,,,,,,,,,,,,,,,,,,,,,,,,,,,,,,,,,,,,,,,,,,,,,,,,,,,,,,,,,True,gini,None,1.0,None,1,2,0.0,100,,,,,,,,,,,,mean,0.01,True,no_preprocessing,,,,,,,,,,,,,,,,,,,,,,,,,,,,,,,,,,,,,,,,,standardize
117,none,random_forest,,,,,,,,,,,,,,,,,,,,,,,,,,,,,,,,,,,,,,,,,,,,,,,,,,,,,,,,,,,,,,,True,gini,None,1.0,None,1,2,0.0,100,,,,,,,,,,,,mean,0.01,True,no_preprocessing,,,,,,,,,,,,,,,,,,,,,,,,,,,,,,,,,,,,,,,,,standardize
118,weighting,sgd,,,,,,,,,,,,,,,,,,,,,,,,,,,,,,,,,,,,,,,,,,,,,,,,,,,,,,,,,,,,,,,,,,,,,,,,0.08307741263309468,True,,0.06824350233113559,True,,constant,squared_hinge,16,l1,,mean,0.010000000000000004,True,random_trees_embedding,,,,,,,,,,,,,,,,,,,,,,,,,,,,,5,None,3,2,1.0,100,,,,,,,standardize
119,weighting,sgd,,,,,,,,,,,,,,,,,,,,,,,,,,,,,,,,,,,,,,,,,,,,,,,,,,,,,,,,,,,,,,,,,,,,,,,,5.175830305558584e-06,True,,0.021088101285374274,True,,invscaling,log,178,l1,0.37274915231938566,median,0.0007101784866414218,True,select_percentile_classification,,,,,,,,,,,,,,,,,,,,,,,,,,,,,,,,,,,81.9951290469709,chi2,,,,,none
120,weighting,libsvm_svc,,,,,,,,,,,,,,,,,,,,,,,,,,,,,,,,,,,,,,,,,,,,,,,,9.631509448517951,0.0,2,4.892539721504502,poly,-1,True,0.00014811646373963315,,,,,,,,,,,,,,,,,,,,,,,,,,,,median,,False,kernel_pca,,,,,,,,,,,0.3423447149134824,rbf,1144,,,,,,,,,,,,,,,,,,,,,,,,,,,,normalize
121,none,random_forest,,,,,,,,,,,,,,,,,,,,,,,,,,,,,,,,,,,,,,,,,,,,,,,,,,,,,,,,,,,,,,,True,gini,None,1.0,None,1,2,0.0,100,,,,,,,,,,,,mean,0.01,True,no_preprocessing,,,,,,,,,,,,,,,,,,,,,,,,,,,,,,,,,,,,,,,,,standardize
122,none,random_forest,,,,,,,,,,,,,,,,,,,,,,,,,,,,,,,,,,,,,,,,,,,,,,,,,,,,,,,,,,,,,,,True,gini,None,1.0,None,1,2,0.0,100,,,,,,,,,,,,mean,0.01,True,no_preprocessing,,,,,,,,,,,,,,,,,,,,,,,,,,,,,,,,,,,,,,,,,standardize
123,none,random_forest,,,,,,,,,,,,,,,,,,,,,,,,,,,,,,,,,,,,,,,,,,,,,,,,,,,,,,,,,,,,,,,True,gini,None,1.0,None,1,2,0.0,100,,,,,,,,,,,,mean,0.01,True,no_preprocessing,,,,,,,,,,,,,,,,,,,,,,,,,,,,,,,,,,,,,,,,,standardize
124,none,random_forest,,,,,,,,,,,,,,,,,,,,,,,,,,,,,,,,,,,,,,,,,,,,,,,,,,,,,,,,,,,,,,,True,gini,None,1.0,None,1,2,0.0,100,,,,,,,,,,,,mean,0.01,True,no_preprocessing,,,,,,,,,,,,,,,,,,,,,,,,,,,,,,,,,,,,,,,,,standardize
125,none,random_forest,,,,,,,,,,,,,,,,,,,,,,,,,,,,,,,,,,,,,,,,,,,,,,,,,,,,,,,,,,,,,,,True,gini,None,1.0,None,1,2,0.0,100,,,,,,,,,,,,mean,0.01,True,no_preprocessing,,,,,,,,,,,,,,,,,,,,,,,,,,,,,,,,,,,,,,,,,standardize
126,none,random_forest,,,,,,,,,,,,,,,,,,,,,,,,,,,,,,,,,,,,,,,,,,,,,,,,,,,,,,,,,,,,,,,True,gini,None,1.0,None,1,2,0.0,100,,,,,,,,,,,,mean,0.01,True,no_preprocessing,,,,,,,,,,,,,,,,,,,,,,,,,,,,,,,,,,,,,,,,,standardize
127,none,random_forest,,,,,,,,,,,,,,,,,,,,,,,,,,,,,,,,,,,,,,,,,,,,,,,,,,,,,,,,,,,,,,,True,gini,None,1.0,None,1,2,0.0,100,,,,,,,,,,,,mean,0.01,True,no_preprocessing,,,,,,,,,,,,,,,,,,,,,,,,,,,,,,,,,,,,,,,,,standardize
128,none,random_forest,,,,,,,,,,,,,,,,,,,,,,,,,,,,,,,,,,,,,,,,,,,,,,,,,,,,,,,,,,,,,,,True,gini,None,1.0,None,1,2,0.0,100,,,,,,,,,,,,mean,0.01,True,no_preprocessing,,,,,,,,,,,,,,,,,,,,,,,,,,,,,,,,,,,,,,,,,standardize
129,none,random_forest,,,,,,,,,,,,,,,,,,,,,,,,,,,,,,,,,,,,,,,,,,,,,,,,,,,,,,,,,,,,,,,True,gini,None,1.0,None,1,2,0.0,100,,,,,,,,,,,,mean,0.01,True,no_preprocessing,,,,,,,,,,,,,,,,,,,,,,,,,,,,,,,,,,,,,,,,,standardize
130,none,random_forest,,,,,,,,,,,,,,,,,,,,,,,,,,,,,,,,,,,,,,,,,,,,,,,,,,,,,,,,,,,,,,,True,gini,None,1.0,None,1,2,0.0,100,,,,,,,,,,,,mean,0.01,True,no_preprocessing,,,,,,,,,,,,,,,,,,,,,,,,,,,,,,,,,,,,,,,,,standardize
